      46.0        6.0
     110.0        6.0
     169.0        6.0
     207.0        7.0
      99.0       29.0
      83.0       39.0
     126.0       54.0
      73.0       66.0
     142.0       66.0
     228.0       66.0
     206.0       85.0
     162.0       86.0
      99.0       90.0
     142.0       90.0
     228.0       90.0
      72.0       93.0
     212.0      103.0
     163.0      133.0
      78.0      137.0
     206.0      137.0
     120.0      152.0
     142.0      152.0
     185.0      152.0
      99.0      153.0
     212.0      153.0
      45.0      177.0
     120.0      178.0
     163.0      178.0
     185.0      178.0
     212.0      178.0
      77.0      184.0
     201.0      207.0
      99.0      211.0
     142.0      214.0
     228.0      214.0
     163.0      215.0
     185.0      215.0
      45.0      220.0
      72.0      220.0
     142.0      238.0
     185.0      238.0
      56.0      241.0
     228.0      241.0
      99.0      242.0
     163.0      242.0
     126.0      245.0
      77.0      250.0
      45.0      268.0
     126.0      288.0
     212.0      288.0
      99.0      289.0
     185.0      289.0
     142.0      316.0
      56.0      317.0
     130.0      329.0
     216.0      329.0
      77.0      330.0
     162.0      344.0
     120.0      345.0
      99.0      348.0
     142.0      348.0
      56.0      351.0
     126.0      363.0
     212.0      363.0
     164.0      369.0
      77.0      370.0
     185.0      385.0
      99.0      387.0
     130.0      395.0
     216.0      395.0
      99.0      429.0
     142.0      429.0
     185.0      429.0
     163.0      432.0
     130.0      439.0
     216.0      439.0
      45.0      440.0
      77.0      442.0
     142.0      454.0
      99.0      459.0
     228.0      462.0
      45.0      466.0
      99.0      481.0
     126.0      481.0
     185.0      481.0
     212.0      481.0
     142.0      491.0
     228.0      497.0
      99.0      520.0
     126.0      521.0
     164.0      521.0
     185.0      521.0
     212.0      521.0
      77.0      522.0
      45.0      544.0
     126.0      547.0
     185.0      547.0
     216.0      549.0
      99.0      561.0
     163.0      561.0
      77.0      563.0
     169.0      584.0
     142.0      588.0
      45.0      592.0
     126.0      593.0
      99.0      594.0
     212.0      594.0
      73.0      598.0
     126.0      617.0
     185.0      618.0
      99.0      625.0
      45.0      635.0
     228.0      642.0
     185.0      646.0
      77.0      651.0
      56.0      658.0
     215.0      663.0
     126.0      666.0
      99.0      688.0
     126.0      688.0
     164.0      688.0
     185.0      688.0
     212.0      688.0
      45.0      689.0
      77.0      691.0
     215.0      711.0
      45.0      713.0
      99.0      722.0
     164.0      722.0
      77.0      743.0
     142.0      748.0
     164.0      752.0
      99.0      754.0
     126.0      754.0
     185.0      754.0
     215.0      765.0
      45.0      766.0
     142.0      792.0
      99.0      793.0
     163.0      793.0
     207.0      793.0
     228.0      793.0
     120.0      794.0
     185.0      800.0
      45.0      801.0
      77.0      812.0
     164.0      817.0
     228.0      827.0
      45.0      832.0
      77.0      834.0
     142.0      841.0
      99.0      843.0
     163.0      843.0
     185.0      843.0
      45.0      862.0
     163.0      865.0
     185.0      865.0
     142.0      868.0
      99.0      876.0
     126.0      876.0
      77.0      878.0
     212.0      880.0
     142.0      898.0
     163.0      901.0
      99.0      904.0
      66.0      913.0
     228.0      915.0
     126.0      916.0
     174.0      919.0
      45.0      920.0
      77.0      931.0
     215.0      934.0
     120.0      936.0
     142.0      937.0
     185.0      937.0
     163.0      948.0
     120.0      958.0
     185.0      958.0
      99.0      962.0
     142.0      963.0
      45.0      975.0
     126.0      979.0
     212.0      979.0
      99.0      990.0
     163.0      990.0
     185.0      990.0
      45.0      997.0
     228.0      997.0
      77.0     1013.0
     126.0     1014.0
     164.0     1014.0
     212.0     1014.0
     163.0     1037.0
      99.0     1038.0
     185.0     1038.0
     142.0     1039.0
      77.0     1041.0
      45.0     1043.0
     163.0     1060.0
     126.0     1085.0
     212.0     1085.0
      45.0     1096.0
      99.0     1101.0
     142.0     1101.0
     164.0     1101.0
     185.0     1101.0
     212.0     1107.0
     228.0     1117.0
      45.0     1129.0
     185.0     1130.0
     142.0     1131.0
     163.0     1132.0
      99.0     1153.0
     126.0     1153.0
     212.0     1153.0
      45.0     1163.0
     185.0     1176.0
      99.0     1177.0
     126.0     1194.0
     228.0     1194.0
     163.0     1199.0
      99.0     1202.0
      77.0     1207.0
     120.0     1217.0
     185.0     1217.0
     153.0     1230.0
      45.0     1239.0
     228.0     1243.0
     126.0     1248.0
      99.0     1256.0
     163.0     1256.0
     185.0     1256.0
      56.0     1265.0
     212.0     1277.0
     126.0     1281.0
      45.0     1292.0
     142.0     1303.0
     163.0     1306.0
      99.0     1307.0
     185.0     1308.0
      77.0     1317.0
     212.0     1320.0
      56.0     1322.0
     126.0     1325.0
     153.0     1339.0
     120.0     1340.0
      99.0     1351.0
     142.0     1351.0
     185.0     1352.0
      77.0     1356.0
     126.0     1366.0
     228.0     1370.0
      45.0     1377.0
