       0.0       27.0
       0.0       77.0
       0.0      110.0
       0.0      147.0
       1.0      209.0
       0.0      256.0
       0.0      279.0
       3.0      356.0
       0.0      381.0
       2.0      405.0
       1.0      427.0
       0.0      472.0
      18.0      500.0
       1.0      540.0
       0.0      567.0
      18.0      592.0
       5.0      621.0
       1.0      661.0
       2.0      743.0
       0.0      774.0
       0.0      804.0
       0.0      838.0
      18.0      844.0
       1.0      873.0
      18.0      902.0
      18.0      935.0
      18.0      983.0
      18.0     1015.0
      18.0     1046.0
      18.0     1088.0
      18.0     1121.0
      18.0     1161.0
      18.0     1207.0
      18.0     1249.0
      18.0     1295.0
      18.0     1317.0
      18.0     1345.0
      18.0     1400.0
      18.0     1446.0
      18.0     1472.0
      18.0     1533.0
      18.0     1641.0
      18.0     1687.0
      18.0     1742.0
      18.0     1799.0
