       0.0       27.0
       1.0       49.0
       1.0       82.0
      15.0      114.0
      11.0      147.0
       9.0      193.0
       2.0      248.0
       4.0      336.0
       1.0      428.0
       5.0      459.0
       1.0      484.0
       2.0      524.0
       0.0      544.0
      17.0      597.0
       0.0      625.0
       0.0      668.0
       0.0      690.0
       0.0      726.0
      14.0      757.0
       0.0      802.0
       3.0      825.0
      17.0      855.0
      15.0      890.0
      17.0      912.0
      14.0      954.0
       7.0      976.0
      16.0     1024.0
      11.0     1045.0
      15.0     1072.0
       9.0     1096.0
      11.0     1118.0
      13.0     1161.0
       2.0     1184.0
       2.0     1208.0
      11.0     1244.0
      18.0     1261.0
       1.0     1276.0
      17.0     1308.0
       1.0     1336.0
       4.0     1358.0
       2.0     1411.0
      19.0     1428.0
       3.0     1452.0
      19.0     1479.0
       9.0     1492.0
      11.0     1533.0
      10.0     1555.0
      13.0     1611.0
       3.0     1646.0
      18.0     1674.0
       4.0     1707.0
       2.0     1757.0
      18.0     1769.0
       0.0     1786.0
       1.0     1834.0
      18.0     1870.0
