       0.0       49.0
       0.0       81.0
       0.0      147.0
       0.0      214.0
       6.0      248.0
       0.0      354.0
       0.0      405.0
       0.0      427.0
       2.0      449.0
       1.0      484.0
       0.0      543.0
       2.0      639.0
       0.0      668.0
       0.0      689.0
       0.0      726.0
       9.0      768.0
       0.0      797.0
       0.0      825.0
       0.0      849.0
       0.0      873.0
      10.0      908.0
       0.0      921.0
       9.0      942.0
      15.0      976.0
       9.0      991.0
      10.0     1018.0
      10.0     1055.0
       9.0     1127.0
       1.0     1158.0
       3.0     1192.0
      14.0     1207.0
       6.0     1223.0
       8.0     1247.0
       5.0     1272.0
      17.0     1298.0
       8.0     1322.0
      16.0     1349.0
      16.0     1389.0
       6.0     1436.0
      11.0     1487.0
      18.0     1504.0
       1.0     1535.0
       9.0     1558.0
       0.0     1574.0
      13.0     1608.0
       3.0     1640.0
      17.0     1649.0
      14.0     1688.0
      10.0     1737.0
       3.0     1842.0
      17.0     1858.0
       7.0     1891.0
       7.0     1925.0
