       4.0       18.0
       2.0       44.0
       9.0       87.0
       4.0      128.0
       4.0      165.0
      10.0      220.0
       5.0      279.0
      10.0      320.0
      10.0      357.0
      10.0      381.0
      10.0      409.0
      10.0      438.0
      10.0      463.0
      10.0      511.0
      10.0      566.0
      10.0      600.0
      10.0      655.0
      10.0      750.0
      10.0      814.0
      10.0      854.0
      10.0      894.0
      10.0      959.0
      10.0      990.0
      10.0     1021.0
      10.0     1089.0
      10.0     1140.0
      10.0     1203.0
      10.0     1229.0
      10.0     1261.0
      10.0     1283.0
      10.0     1315.0
      10.0     1338.0
      10.0     1367.0
      10.0     1420.0
      10.0     1455.0
      10.0     1494.0
      10.0     1546.0
      10.0     1602.0
      10.0     1632.0
      10.0     1676.0
      10.0     1729.0
      10.0     1752.0
      10.0     1779.0
      10.0     1841.0
      10.0     1975.0
      10.0     2023.0
